operations	MyStack Insertion
0	2
100000	11071
200000	21279
300000	31062
400000	39759
500000	47532
600000	55159
700000	62577
800000	70017
900000	77451
1000000	84734
1100000	91984
1200000	99195
1300000	106398
1400000	113591
1500000	120768
1600000	127966
1700000	135148
1800000	142333
1900000	149525
2000000	156722
2100000	163906
2200000	171126
2300000	178322
2400000	185497
2500000	192679
2600000	199858
2700000	207057
2800000	214250
2900000	221426
3000000	228606
3100000	235781
3200000	242962
3300000	250142
3400000	257321
3500000	264496
3600000	271687
3700000	278893
3800000	286067
3900000	293247
4000000	300421
4100000	307608
4200000	314795
4300000	321982
4400000	329158
4500000	336326
4600000	343500
4700000	350683
4800000	357857
4900000	365045
5000000	372221
5100000	379412
5200000	386591
5300000	393770
5400000	400964
5500000	408143
5600000	415327
5700000	422499
5800000	429674
5900000	436887
6000000	444069
6100000	451243
6200000	458419
6300000	465613
6400000	472789
6500000	479963
6600000	487141
6700000	494320
6800000	501498
6900000	508704
7000000	515879
7100000	523103
7200000	530439
7300000	537609
7400000	544783
7500000	551959
7600000	559133
7700000	566324
7800000	573503
7900000	580683
8000000	587859
8100000	595041
8200000	602273
8300000	609477
8400000	616674
8500000	623852
8600000	631046
8700000	638232
8800000	645412
8900000	652602
9000000	659780
9100000	666958
9200000	674141
9300000	681324
9400000	688505
9500000	695683
9600000	702863
9700000	710064
9800000	717254
9900000	724435
STLstack Insertion
0
5833
11645
17464
23290
29115
34935
40751
46549
52382
58222
64027
69819
75645
81475
87293
93094
98904
104769
110591
116399
122206
128010
133825
139632
145439
151250
157058
162866
168662
174445
180249
186051
191837
197614
203512
209293
215080
220875
226660
232454
238238
244024
249825
255615
261406
267196
272993
278795
284587
290382
296178
301975
307771
313565
319358
325156
330947
336741
342536
348333
354125
359921
365720
371513
377322
383127
388916
394703
400490
406566
412366
418176
423988
429815
435655
441490
447327
453171
458983
464809
470665
476488
482337
488178
494004
499827
505670
511488
517322
523131
528960
534773
540600
546427
552241
558060
563880
569702
575519
MyStack Deletion
3
5729
11356
16993
22913
28690
34505
40218
45916
51756
57605
63268
68982
74661
80396
86110
91824
97588
103278
108901
114780
120418
126244
132084
137965
143857
149592
155514
161221
166993
172881
178547
184223
190062
195773
201513
207277
212988
218608
224255
230019
235731
241438
247152
252848
258520
264177
269939
275625
281280
286968
292830
298484
304101
309807
315437
321130
326908
332835
338602
344305
349990
355864
361789
367424
373057
378694
384325
390053
396030
401892
407734
413364
419029
424737
430374
436065
441715
447386
452998
458612
464321
470122
475985
481805
487442
493044
498748
504388
510058
515697
521453
527153
532802
538443
544175
549984
555650
561447
567159
STLstack Deletion
1
131078
142041
153062
164129
175139
186071
197004
207946
218871
229866
240938
251883
262927
273893
284772
295831
306837
317680
328650
339589
350391
361241
372350
383272
394283
405259
416308
427294
438227
449110
459900
470956
481769
492501
503411
514296
525103
536091
546987
557962
568835
579718
590627
601514
612396
623344
634246
645046
656081
667272
678105
689213
700140
711220
722152
733107
744121
755297
766334
777365
788380
799426
810282
821258
832242
843299
854417
865446
876412
887219
897927
908959
919914
930830
941624
952552
963661
974582
985557
996625
1007531
1018486
1029342
1040335
1051390
1062500
1073410
1084496
1095480
1106419
1117343
1128480
1139551
1150494
1161412
1172278
1183165
1194186
1205188
MyQueue Insertion
0
13083
26362
39486
52799
65951
79116
92284
105391
118549
131795
145053
158220
171473
184606
197815
210930
224177
237336
250550
263742
276951
290259
303397
316544
329735
343051
356229
369371
382594
395774
409150
422388
435584
448730
461882
474984
488167
501358
514496
527662
540817
554044
567175
580391
593486
606624
619837
632922
646057
659300
672571
685699
698833
711953
725046
738249
751614
764742
777832
790944
804134
817439
830548
843776
857104
870193
883309
896416
909521
922744
936008
949161
962292
975550
988649
1001763
1014881
1028121
1041308
1054516
1067822
1080934
1094077
1107236
1120394
1133492
1146795
1160078
1173420
1186697
1199805
1213151
1226312
1239501
1252586
1265747
1279034
1292285
1305525
STLqueue Insertion
0
12544
25045
37674
50067
62606
75060
87602
100120
112724
125307
137912
150507
163314
176009
188577
201137
213787
226442
239031
251646
264214
276726
289271
301790
314430
326941
339561
352203
364812
377432
390061
402736
415310
427939
440505
453063
465667
478309
491011
503551
516297
528684
541279
553895
566554
579087
591669
604304
616915
629572
639371
645310
651273
657237
663174
669065
674930
680876
686830
692720
698630
704569
710490
716418
722385
728349
734249
740118
746068
752075
757967
763860
769794
775703
781651
787550
793444
799413
805354
811318
817288
823181
829140
834987
840936
846878
852827
858773
864665
870590
876489
882443
888257
894131
900066
906023
911975
918091
924200
MyQueue Deletion
0
5667
11229
16813
22465
28121
33692
39279
44860
50470
56053
61596
67160
72726
78314
83928
89570
95157
100797
106574
112175
117847
123525
129140
134773
140463
146042
151674
157281
162935
168597
174198
179849
185435
191013
196630
202248
207813
213407
219116
224739
230326
235919
241486
247061
252687
258275
263881
269544
275169
280932
286526
292188
297830
303496
309087
314854
320491
326272
331924
337535
343212
348802
354456
360088
365742
371363
377073
382687
388279
393872
399589
405312
410929
416580
422216
427968
433670
439240
444854
450563
456286
462049
467617
473229
478807
484454
490230
495805
501592
507217
513028
518716
524419
530002
535702
541290
546865
552558
558284
STLqueue Deletion
0
66827
72963
78986
85001
91050
97110
103155
109191
115267
121307
127272
133332
139305
145357
151463
157494
163536
169608
175662
181683
187716
193800
199854
205942
212035
218059
224143
230209
236184
242176
248130
254193
260312
266371
272413
278475
284598
290663
296730
302923
308975
315008
321068
327102
333163
339203
345255
351282
357316
363415
369397
375442
381429
387455
393469
399506
405552
411516
417519
423620
429706
435737
441777
447739
453761
459857
465950
472025
478136
484110
490115
496075
502073
508101
514199
520256
526325
532396
538410
544472
550496
556502
562585
568680
574713
580697
586744
592785
598822
604941
611012
617015
623006
629051
635095
641139
647122
653195
659255
